0.960879463216
0.770260439401
0.927787128316
0.919704366075
0.84002999162
0.787987713221
0.858692493947
0.900395286396
0.962273857498
0.728931891482
0.901712822155
0.962219598583
0.804472242662
0.966216698807
0.960797397614
0.841556487155
0.968502451905
0.841202872531
0.947966852958
0.861816175311
0.802233266637
0.908436886854
0.910732617825
0.700689235759
0.966236955187
0.979636237055
0.965564029383
0.934032983508
0.952572420726
0.979309435952
0.932010953049
0.928238527725
0.97557280818
0.924155695478
0.969344141489
0.842630346144
0.866880513232
0.956352636128
0.953641576186
0.961255656109
0.960143841774
0.951461831806
0.914800389484
0.808098045299
0.752278096524
0.963106796117
0.809703766915
0.970686007857
0.978177150193
0.959144542773
0.953746085281
0.928549599658
0.911251015435
0.908277404922
0.977483844911
0.936798803291
0.956712986104
0.979861111111
0.957969579696
0.927162906378
0.755777310924
0.949586556415
0.957881873727
0.960690316395
0.936826568266
0.897448936351
0.943467898108
0.965931253047
0.961754780652
0.930463391513
0.977396726422
0.913421673035
0.942122186495
0.935975609756
0.965511265165
0.975809628871
0.980452173913
0.971871315479
0.97037793667
0.956431865161
0.973961878829
0.917824074074
0.97879899152
0.960874922982
0.94346109767
0.953580194216
0.948287704838
0.936283185841
0.927396186994
0.799178798059
0.953353658537
0.949749940462
0.943505954029
0.929549902153
0.876238585584
0.984816196058
0.967914438503
